1111.2535
2401.18079
2403.20137
2405.14256
2409.16546
2410.12168
2412.08585
2502.01941
2502.14317
2503.00022
2503.12491
2504.04704
2505.22156
2506.15724
2508.00370
2508.15212
2509.16686
2510.06175
2510.22556
2511.06838
2512.01953
2601.14279
2601.21927
2602.08343
2602.23200
2603.08743
2603.17168
2604.04722
2604.16957
2604.24432
2605.04075
2605.09649
2605.17613
2605.19660
2605.26558
2605.31105
2606.08382
2606.15682
2607.01237
2607.16248
2607.23693
2608.02901
2608.14191
2608.19889
2608.23962
2608.27875
2609.03430
