1511.08865
2402.06082
2404.15574
2406.13035
2410.00161
2410.19937
2412.14363
2502.07864
2502.15955
2503.01330
2503.14881
2504.09936
2505.23416
2506.19505
2508.02751
2509.09754
2509.18344
2510.16040
2511.03092
2511.08003
2512.17917
2601.14549
2602.02197
2602.11937
2603.01426
2603.10031
2603.23516
2604.05404
2604.17935
2604.24820
2605.08317
2605.13915
2605.17757
2605.20868
2605.28640
2606.03075
2606.09508
2606.17872
2607.03652
2607.17715
2608.00902
2608.07915
2608.14967
2608.20397
2608.24063
2608.28003
2609.05707
