2309.06180
2403.20041
2405.04532
2407.21118
2410.11305
2412.05896
2502.00527
2502.12665
2502.18755
2503.07518
2503.24000
2505.18610
2506.08018
2507.19906
2508.14067
2509.15038
2510.02312
2510.20707
2511.05534
2511.18936
2601.04719
2601.18999
2602.08005
2602.22603
2603.08727
2603.11564
2603.28430
2604.08426
2604.22782
2605.01910
2605.08755
2605.17447
2605.18739
2605.23147
2605.29873
2606.07684
2606.13708
2606.26472
2607.12550
2607.21604
2608.02032
2608.08878
2608.19758
2608.23658
2608.27513
2609.02027
