2306.14048
2402.18096
2405.04437
2407.08454
2410.05265
2412.03213
2501.16383
2502.10424
2502.17421
2503.02812
2503.18773
2505.15347
2506.02006
2507.19823
2508.10395
2509.14093
2510.00231
2510.18672
2511.04002
2511.18643
2512.19206
2601.17668
2602.03152
2602.21780
2603.04411
2603.11487
2603.26110
2604.06832
2604.18137
2604.25975
2605.08453
2605.16439
2605.18053
2605.22337
2605.29639
2606.07205
2606.09864
2606.24957
2607.08032
2607.20981
2608.01631
2608.08081
2608.15797
2608.21693
2608.27128
2609.00450
2609.08131
